101820734
42226912
37102602
515643368
167259311
157638036
1824495nsjsjsjsjwnwbwe bbsbsbsbwbsbsnsnwee
201479080
138783916
64508546
58075198
139154477
205267312
76737114
49369687
132288181
32976063
136426896
58075198
94435596
91373047
250221063
32976063
131186966
72354727
195083297
34240648
164878024
236073483
267368522
236073483
195083297
34240648
122552571
89358856
108512620
119609328
18652750
90243512
186207146
93818485
42554866
166177695
168347903
226547416
265661623
23185526
221848726
209141950
238324480
83820751
